20 0.4912 0.2443
40 0.5190 0.1781
60 0.5198 0.1880
80 0.5102 0.1632
100 0.5202 0.1581
120 0.5216 0.1537
140 0.5102 0.1472
160 0.5164 0.1390
180 0.5155 0.1443
200 0.5119 0.1411
220 0.5121 0.1345
240 0.5127 0.1358
260 0.5178 0.1359
280 0.5199 0.1337
300 0.5149 0.1424
320 0.5162 0.1301
340 0.5089 0.1264
360 0.5131 0.1369
380 0.5075 0.1426
400 0.5114 0.1337
420 0.5125 0.1227
440 0.5118 0.1211
460 0.5176 0.1183
480 0.5053 0.1157
500 0.5151 0.1122
520 0.5125 0.1129
540 0.5194 0.0996
560 0.5139 0.0921
580 0.5195 0.0774
600 0.5147 0.0800
620 0.5176 0.0670
640 0.5223 0.0646
660 0.5262 0.0614
680 0.5201 0.0500
700 0.5222 0.0538
720 0.5205 0.0629
740 0.5211 0.0566
760 0.5170 0.0559
780 0.5183 0.0560
800 0.5180 0.0609
820 0.5192 0.0499
840 0.5231 0.0458
860 0.5247 0.0514
880 0.5218 0.0571
900 0.5187 0.0516
920 0.5204 0.0497
940 0.5213 0.0502
960 0.5241 0.0514
980 0.5213 0.0472
1000 0.5111 0.0453
1020 0.5187 0.0463
1040 0.5235 0.0509
1060 0.5167 0.0455
1080 0.5212 0.0462
1100 0.5235 0.0462
1120 0.5212 0.0515
1140 0.5233 0.0543
1160 0.5249 0.0499
1180 0.5160 0.0466
1200 0.5208 0.0510
1220 0.5217 0.0520
1240 0.5165 0.0439
1260 0.5188 0.0529
1280 0.5230 0.0497
1300 0.5207 0.0502
1320 0.5169 0.0522
1340 0.5188 0.0510
1360 0.5217 0.0508
1380 0.5142 0.0448
1400 0.5184 0.0565
1420 0.5205 0.0434
1440 0.5251 0.0514
1460 0.5268 0.0458
1480 0.5213 0.0525
1500 0.5198 0.0515
1520 0.5257 0.0497
1540 0.5253 0.0535
1560 0.5270 0.0480
1580 0.5259 0.0497
1600 0.5307 0.0504
1620 0.5290 0.0503
1640 0.5285 0.0597
1660 0.5366 0.0484
1680 0.5309 0.0511
1700 0.5347 0.0517
1720 0.5412 0.0496
1740 0.5480 0.0492
1760 0.5518 0.0474
1780 0.5507 0.0566
1800 0.5626 0.0489
1820 0.5745 0.0484
1840 0.5813 0.0490
1860 0.5912 0.0495
1880 0.6017 0.0529
1900 0.6129 0.0461
1920 0.6238 0.0499
1940 0.6342 0.0538
1960 0.6580 0.0479
1980 0.6763 0.0504
2000 0.6775 0.0463
2020 0.6862 0.0493
2040 0.7094 0.0496
2060 0.7123 0.0492
2080 0.7293 0.0580
2100 0.7436 0.0540
2120 0.7576 0.0506
2140 0.7761 0.0489
2160 0.7875 0.0488
2180 0.8063 0.0442
2200 0.8128 0.0414
2220 0.8229 0.0454
2240 0.8358 0.0490
2260 0.8453 0.0487
2280 0.8561 0.0553
2300 0.8734 0.0563
2320 0.8865 0.0558
2340 0.8822 0.0521
2360 0.8870 0.0477
2380 0.8911 0.0425
2400 0.8948 0.0533
2420 0.9039 0.0538
2440 0.8971 0.0549
2460 0.9097 0.0437
2480 0.9152 0.0540
2500 0.9252 0.0484
2520 0.9264 0.0465
2540 0.9379 0.0461
2560 0.9323 0.0564
2580 0.9257 0.0484
2600 0.9385 0.0525
2620 0.9316 0.0462
2640 0.9403 0.0565
2660 0.9442 0.0496
2680 0.9430 0.0542
2700 0.9460 0.0572
2720 0.9435 0.0525
2740 0.9386 0.0475
2760 0.9451 0.0422
2780 0.9473 0.0527
2800 0.9459 0.0461
2820 0.9524 0.0508
2840 0.9508 0.0607
2860 0.9496 0.0488
2880 0.9523 0.0469
2900 0.9613 0.0506
2920 0.9520 0.0498
2940 0.9446 0.0499
2960 0.9503 0.0499
2980 0.9443 0.0491
3000 0.9523 0.0475
3020 0.9529 0.0483
3040 0.9443 0.0463
3060 0.9495 0.0461
3080 0.9529 0.0487
3100 0.9482 0.0460
3120 0.9530 0.0474
3140 0.9548 0.0508
3160 0.9498 0.0530
3180 0.9498 0.0474
3200 0.9470 0.0486
3220 0.9484 0.0458
3240 0.9425 0.0481
3260 0.9504 0.0530
3280 0.9490 0.0516
3300 0.9496 0.0429
3320 0.9447 0.0471
3340 0.9508 0.0484
3360 0.9565 0.0471
3380 0.9503 0.0489
3400 0.9489 0.0513
3420 0.9500 0.0467
3440 0.9516 0.0519
3460 0.9466 0.0463
3480 0.9547 0.0533
3500 0.9501 0.0553
3520 0.9527 0.0529
3540 0.9506 0.0474
3560 0.9466 0.0470
3580 0.9446 0.0538
3600 0.9573 0.0535
3620 0.9498 0.0573
3640 0.9485 0.0513
3660 0.9484 0.0516
3680 0.9537 0.0495
3700 0.9502 0.0488
3720 0.9554 0.0488
3740 0.9525 0.0483
3760 0.9499 0.0541
3780 0.9499 0.0531
3800 0.9514 0.0484
3820 0.9467 0.0485
3840 0.9431 0.0468
3860 0.9455 0.0523
3880 0.9548 0.0514
3900 0.9498 0.0482
3920 0.9486 0.0504
3940 0.9502 0.0504
3960 0.9483 0.0515
3980 0.9463 0.0523
4000 0.9497 0.0437
4020 0.9521 0.0445
4040 0.9468 0.0538
4060 0.9507 0.0503
4080 0.9483 0.0571
4100 0.9485 0.0487
4120 0.9499 0.0499
4140 0.9429 0.0535
4160 0.9494 0.0504
4180 0.9496 0.0538
4200 0.9441 0.0563
4220 0.9513 0.0495
4240 0.9518 0.0517
4260 0.9467 0.0549
4280 0.9508 0.0574
4300 0.9527 0.0469
4320 0.9531 0.0489
4340 0.9514 0.0508
4360 0.9487 0.0491
4380 0.9474 0.0430
4400 0.9502 0.0508
4420 0.9513 0.0519
4440 0.9510 0.0470
4460 0.9441 0.0499
4480 0.9516 0.0474
4500 0.9508 0.0540
4520 0.9500 0.0518
4540 0.9464 0.0512
4560 0.9475 0.0511
4580 0.9513 0.0495
4600 0.9468 0.0516
4620 0.9533 0.0557
4640 0.9543 0.0559
4660 0.9503 0.0457
4680 0.9527 0.0457
4700 0.9521 0.0499
4720 0.9528 0.0539
4740 0.9566 0.0482
4760 0.9561 0.0481
4780 0.9506 0.0480
4800 0.9543 0.0479
4820 0.9498 0.0496
4840 0.9486 0.0479
4860 0.9506 0.0546
4880 0.9532 0.0556
4900 0.9430 0.0542
4920 0.9506 0.0530
4940 0.9530 0.0478
4960 0.9514 0.0484
4980 0.9481 0.0459
5000 0.9442 0.0480
5020 0.9505 0.0572
5040 0.9449 0.0478
5060 0.9480 0.0482
5080 0.9557 0.0503
5100 0.9513 0.0433
5120 0.9554 0.0522
5140 0.9519 0.0507
5160 0.9525 0.0529
5180 0.9531 0.0519
5200 0.9493 0.0473
5220 0.9510 0.0520
5240 0.9467 0.0471
5260 0.9536 0.0496
5280 0.9517 0.0506
5300 0.9505 0.0441
5320 0.9462 0.0495
5340 0.9513 0.0529
5360 0.9531 0.0539
5380 0.9492 0.0548
5400 0.9442 0.0516
5420 0.9519 0.0493
5440 0.9431 0.0531
5460 0.9480 0.0520
5480 0.9474 0.0449
5500 0.9511 0.0531
5520 0.9440 0.0516
5540 0.9462 0.0549
5560 0.9510 0.0422
5580 0.9492 0.0498
5600 0.9510 0.0523
5620 0.9461 0.0474
5640 0.9500 0.0524
5660 0.9521 0.0483
5680 0.9515 0.0553
5700 0.9459 0.0505
5720 0.9478 0.0492
5740 0.9472 0.0528
5760 0.9514 0.0494
5780 0.9473 0.0451
5800 0.9531 0.0461
5820 0.9484 0.0441
5840 0.9490 0.0474
5860 0.9504 0.0496
5880 0.9537 0.0473
5900 0.9511 0.0477
5920 0.9530 0.0501
5940 0.9549 0.0475
5960 0.9537 0.0481
5980 0.9495 0.0475
6000 0.9505 0.0511
6020 0.9476 0.0446
6040 0.9496 0.0474
6060 0.9518 0.0512
6080 0.9529 0.0463
6100 0.9542 0.0508
6120 0.9497 0.0439
6140 0.9493 0.0519
6160 0.9499 0.0515
6180 0.9443 0.0495
6200 0.9531 0.0493
6220 0.9518 0.0480
6240 0.9525 0.0501
6260 0.9463 0.0539
6280 0.9513 0.0495
6300 0.9505 0.0477
6320 0.9508 0.0507
6340 0.9580 0.0543
6360 0.9506 0.0453
6380 0.9456 0.0526
6400 0.9501 0.0445
6420 0.9550 0.0464
6440 0.9516 0.0512
6460 0.9515 0.0426
6480 0.9470 0.0488
6500 0.9450 0.0483
6520 0.9484 0.0447
6540 0.9503 0.0487
6560 0.9502 0.0530
6580 0.9534 0.0470
6600 0.9484 0.0526
6620 0.9532 0.0508
6640 0.9525 0.0525
6660 0.9519 0.0521
6680 0.9499 0.0487
6700 0.9506 0.0496
6720 0.9502 0.0501
6740 0.9497 0.0501
6760 0.9526 0.0512
6780 0.9491 0.0539
6800 0.9424 0.0512
6820 0.9451 0.0523
6840 0.9532 0.0514
6860 0.9514 0.0514
6880 0.9475 0.0533
6900 0.9472 0.0508
6920 0.9474 0.0478
6940 0.9530 0.0528
6960 0.9519 0.0471
6980 0.9485 0.0481
7000 0.9560 0.0497
7020 0.9460 0.0562
7040 0.9452 0.0508
7060 0.9466 0.0540
7080 0.9413 0.0489
7100 0.9481 0.0547
7120 0.9467 0.0503
7140 0.9496 0.0532
7160 0.9499 0.0481
7180 0.9504 0.0472
7200 0.9519 0.0475
7220 0.9517 0.0501
7240 0.9494 0.0522
7260 0.9532 0.0516
7280 0.9495 0.0517
7300 0.9526 0.0546
7320 0.9513 0.0479
7340 0.9509 0.0505
7360 0.9498 0.0508
7380 0.9560 0.0528
7400 0.9521 0.0481
7420 0.9489 0.0513
7440 0.9553 0.0525
7460 0.9462 0.0528
7480 0.9486 0.0486
7500 0.9480 0.0475
7520 0.9549 0.0539
7540 0.9496 0.0516
7560 0.9513 0.0501
7580 0.9518 0.0526
7600 0.9518 0.0526
7620 0.9491 0.0455
7640 0.9501 0.0532
7660 0.9505 0.0465
7680 0.9472 0.0534
7700 0.9509 0.0477
7720 0.9513 0.0539
7740 0.9520 0.0451
7760 0.9535 0.0433
7780 0.9478 0.0472
7800 0.9525 0.0497
7820 0.9487 0.0547
7840 0.9485 0.0539
7860 0.9537 0.0463
7880 0.9549 0.0473
7900 0.9539 0.0473
7920 0.9558 0.0524
7940 0.9471 0.0485
7960 0.9531 0.0511
7980 0.9508 0.0520
8000 0.9469 0.0547
8020 0.9498 0.0502
8040 0.9449 0.0491
8060 0.9503 0.0503
8080 0.9446 0.0536
8100 0.9576 0.0553
8120 0.9470 0.0496
8140 0.9494 0.0460
8160 0.9432 0.0480
8180 0.9499 0.0511
8200 0.9541 0.0499
8220 0.9466 0.0538
8240 0.9476 0.0466
8260 0.9546 0.0522
8280 0.9491 0.0486
8300 0.9473 0.0549
8320 0.9518 0.0506
8340 0.9447 0.0529
8360 0.9511 0.0473
8380 0.9560 0.0452
8400 0.9494 0.0442
8420 0.9489 0.0521
8440 0.9484 0.0510
8460 0.9497 0.0481
8480 0.9536 0.0494
8500 0.9502 0.0566
8520 0.9449 0.0489
8540 0.9507 0.0523
8560 0.9490 0.0459
8580 0.9487 0.0525
8600 0.9560 0.0476
8620 0.9526 0.0474
8640 0.9482 0.0558
8660 0.9573 0.0463
8680 0.9531 0.0497
8700 0.9513 0.0447
8720 0.9515 0.0479
8740 0.9472 0.0502
8760 0.9528 0.0510
8780 0.9508 0.0496
8800 0.9477 0.0485
8820 0.9541 0.0525
8840 0.9443 0.0485
8860 0.9488 0.0504
8880 0.9489 0.0505
8900 0.9512 0.0454
8920 0.9540 0.0502
8940 0.9461 0.0529
8960 0.9469 0.0463
8980 0.9416 0.0510
9000 0.9484 0.0522
9020 0.9521 0.0509
9040 0.9502 0.0504
9060 0.9519 0.0531
9080 0.9477 0.0533
9100 0.9490 0.0482
9120 0.9464 0.0499
9140 0.9440 0.0540
9160 0.9444 0.0504
9180 0.9507 0.0551
9200 0.9526 0.0492
9220 0.9458 0.0484
9240 0.9529 0.0471
9260 0.9470 0.0506
9280 0.9489 0.0549
9300 0.9509 0.0559
9320 0.9434 0.0500
9340 0.9469 0.0483
9360 0.9446 0.0488
9380 0.9535 0.0501
9400 0.9479 0.0535
9420 0.9503 0.0509
9440 0.9464 0.0546
9460 0.9473 0.0493
9480 0.9559 0.0489
9500 0.9511 0.0505
9520 0.9477 0.0523
9540 0.9500 0.0518
9560 0.9442 0.0516
9580 0.9529 0.0499
9600 0.9522 0.0490
9620 0.9522 0.0520
9640 0.9447 0.0500
9660 0.9455 0.0494
9680 0.9510 0.0482
9700 0.9460 0.0483
9720 0.9514 0.0466
9740 0.9546 0.0454
9760 0.9482 0.0530
9780 0.9520 0.0510
9800 0.9512 0.0484
9820 0.9503 0.0537
9840 0.9569 0.0524
9860 0.9523 0.0459
9880 0.9476 0.0426
9900 0.9486 0.0490
9920 0.9566 0.0478
9940 0.9561 0.0483
9960 0.9548 0.0498
9980 0.9479 0.0454
10000 0.9557 0.0489
